ACCOUNT_ID=0.0.3548805
PRIVATE_KEY=302e020100300506032b657004220420fe6252f9d6d57e2b08a3b303796a04840dddb4e7d7aa49095cf1809b5ac8b7a9

OPERATOR_ID=0.0.3548805
OPERATOR_PVKEY=302e020100300506032b657004220420fe6252f9d6d57e2b08a3b303796a04840dddb4e7d7aa49095cf1809b5ac8b7a9